3117439
3143220
3144478
3166787
3172699
3173354
3173520
3175341
3187507
3195870
3208006
3215914
3275727
3282662
3333001
3372801
3381501
3409624
3414720
3422675
3432596
3461398
3481272
3489496
3716358
3716470
3716900
3716901
3716902
3716920
3716940
3726467
3726749
3726800
3726801
3726829
3726867
3726892
3726895
3726899
3726900
3726901
3726905
3726906
3726930
3726932
3726940
3726943
3726995
3726996
3736427
3736715
3736719
4208138
4710930
5011007
5036890
5039540
5044925
5044926
5046620
5063290
5063690
5066991
5067211
5067213
5067216
5067218
5067221
5067240
5067260
5067261
5067263
5067264
5067266
5067267
5067268
5067269
5067270
5067271
5067272
5067273
5067274
5067275
5067276
5067277
5067278
5067281
5067282
5067283
5067284
5067285
5067286
5067288
5067309
5067310
5067311
5067312
5067313
5067314
5067315
5067316
5067317
5067318
5067319
5067344
5067410
5067532
5067534
5067535
5067536
5067537
5067538
5067542
5067580
5067607
5067641
5067751
5067752
5067753
5067754
5067755
5067756
5067757
5067758
5067761
5067762
5067763
5067764
5067765
5067768
5067780
5085099
5085153
5085169
5085269
5085400
5085499
5085550
5085552
5085700
5085732
5085960
5085982
5086030
5086140
5086191
5086192
5086341
5086453
5086632
5086671
5086672
5086690
5086720
5086750
5086831
5086840
5086860
5086891
5086990
5086999
5087070
5087530
5087560
5087570
5087600
5087750
5087800
5087811
5087812
5087813
5087814
5087815
5087816
5087817
5087818
5088002
5088031
5088032
5088060
5088182
5088230
5088281
5088291
5088293
5088298
5088329
5088330
5088550
5088610
5088611
5088682
5088742
5088800
5088890
5088891
5088894
5088897
5088943
5089022
5089082
5089147
5089250
5089251
5089252
5089253
5089254
5089255
5089256
5089258
5089259
5089260
5089261
5089262
5089263
5089264
5089265
5089266
5089286
5089291
5089292
5089293
5089294
5089295
5089303
5089304
5089370
5089422
5089440
5089443
5089457
5089480
5089490
5089530
5089621
5089630
5089631
5089632
5089633
5089634
5089680
5089681
5089682
5089730
5089740
5089762
5089910
5089930
5089980
5089981
5089991
5090000
5090001
5090002
5090003
5090004
5090005
5090006
5090420
5090450
5090480
5090652
5090671
5090674
5090675
5090677
5090678
5090679
5090682
5090683
5090687
5090688
5090689
5090691
5090692
5090693
5090694
5090695
5090696
5090697
5090698
5090699
5090730
5090910
5090911
5090912
5090913
5090914
5090915
5601240
5602930
5604590
5641820
5652620
5741410
5782041
5788354
5804263
5851940
5859880
5886188
5914592
5928080
6001002
6015310
6021298
6022499
6025068
6031820
6031821
6033890
6034590
6038956
6043234
6043244
6043304
6043374
6043384
6043385
6043386
6049940
6056740
6059190
6062833
6062923
6063876
6069800
6069850
6069854
6069859
6069860
6069870
6069880
6069890
6069900
6069910
6069923
6069924
6069925
6069926
6069927
6069930
6069939
6069940
6069941
6069942
6069943
6069945
6069946
6069947
6069948
6069949
6069950
6069980
6069989
6069993
6069994
6069995
6069996
6069997
6070004
6070005
6070007
6070014
6070032
6070095
6070104
6070105
6070112
6070150
6070231
6070241
6070261
6070270
6070272
6070295
6070320
6070340
6070341
6070351
6070379
6070381
6070401
6070402
6070403
6070415
6070419
6070518
6070519
6070521
6070530
6070531
6070532
6070541
6070550
6070562
6070570
6070571
6070572
6070576
6070580
6070581
6070595
6070600
6070601
6070602
6070603
6070604
6070605
6070606
6070607
6070608
6070609
6070610
6070611
6070612
6070613
6070614
6070615
6070616
6070617
6070618
6070619
6070629
6070635
6070647
6070658
6070660
6070661
6070662
6070663
6070669
6070680
6070690
6070700
6070701
6070702
6070703
6070710
6070720
6070730
6070751
6070753
6070754
6070755
6070757
6070758
6070760
6070770
6070771
6070772
6070780
6070781
6070800
6070840
6070854
6070855
6070859
6070870
6070871
6070885
6070891
6070892
6070893
6070894
6070895
6070896
6070897
6070898
6070900
6070901
6070909
6070911
6070930
6070933
6070934
6070935
6070936
6070937
6070940
6070942
6070980
6070981
6070982
6070983
6070984
6070997
6071001
6071004
6071010
6071013
6071030
6071050
6071051
6071052
6071053
6071054
6071055
6071056
6071057
6071058
6071059
6071062
6071070
6071090
6071170
6071171
6071172
6071173
6071190
6071191
6071193
6071200
6071211
6071212
6071213
6071214
6071215
6071223
6071224
6071226
6071227
6071229
6071230
6071231
6071232
6071233
6071234
6071235
6071236
6071237
6071238
6071239
6071241
6071243
6071244
6071246
6071260
6071261
6071262
6071270
6071300
6071301
6071322
6071330
6071341
6071342
6071350
6071351
6071352
6071360
6071361
6071362
6071370
6071371
6071372
6071373
6071380
6071390
6071391
6071400
6071412
6071430
6071449
6071452
6071460
6071471
6071472
6071481
6071482
6071490
6071491
6071500
6071550
6071561
6071562
6071570
6071580
6071582
6071590
6071600
6071621
6071622
6071630
6071650
6071651
6071655
6071680
6071701
6071750
6071782
6071791
6071792
6071842
6071843
6071852
6071862
6071870
6071880
6071890
6071891
6071920
6071932
6071950
6071962
6071970
6071981
6071983
6071984
6071985
6071987
6071988
6071989
6071999
6072000
6072020
6072060
6072067
6072080
6072081
6072100
6072101
6072120
6072121
6072130
6072140
6072141
6072148
6072149
6072150
6072156
6072159
6072160
6072181
6072200
6072272
6072292
6072300
6072321
6072323
6072325
6072333
6072340
6072347
6072348
6072380
6072400
6072410
6072430
6072431
6072450
6072462
6072481
6072482
6072490
6072531
6072532
6072541
6072552
6072572
6072580
6072602
6072610
6072630
6072640
6072641
6072642
6072643
6072644
6072645
6072661
6072700
6072710
6072720
6072730
6072739
6072740
6072760
6072769
6072770
6072780
6072800
6072810
6072852
6072862
6072879
6072900
6072910
6072920
6072950
6072962
6072981
6073034
6073035
6073040
6073052
6073071
6073072
6073080
6073093
6073100
6073110
6073121
6073141
6073142
6073160
6073170
6073180
6073200
6073201
6073212
6073240
6073270
6073282
6073322
6073350
6073360
6073370
6073380
6073491
6073492
6073502
6073540
6073562
6073590
6073610
6073640
6073651
6073652
6073653
6073654
6073655
6073656
6073658
6073670
6073680
6073692
6073702
6073757
6073773
6073782
6073792
6073820
6073858
6073860
6073861
6073862
6073863
6073864
6073865
6073866
6073868
6073869
6073885
6073888
6073898
6073902
6073903
6073905
6073920
6073921
6073922
6073923
6073924
6073925
6073926
6073928
6073930
6073936
6073960
6073961
6073962
6073963
6073964
6073965
6074012
6074023
6074027
6074087
6074091
6074130
6074157
6074167
6074180
6074181
6074182
6074183
6074184
6074185
6074188
6074189
6074190
6074191
6074192
6074193
6074194
6074195
6074196
6074197
6074198
6074199
6074280
6074290
6074310
6074319
6074320
6074330
6074340
6074350
6074360
6074380
6074400
6074450
6074460
6074464
6074470
6074471
6074472
6074473
6074475
6074490
6074510
6074511
6074541
6074542
6074550
6074560
6074599
6074610
6074642
6074643
6074661
6074662
6074663
6074666
6074688
6074699
6074700
6074701
6074702
6074706
6074737
6074740
6074747
6074768
6074800
6074809
6074872
6074892
6074899
6074902
6074912
6074922
6074929
6074932
6074942
6074952
6074962
6074972
6074979
6074989
6074992
6075002
6075012
6075022
6075029
6075042
6075052
6075060
6075065
6075072
6075082
6075090
6075110
6075162
6075202
6075232
6075320
6075322
6075330
6075340
6075350
6075360
6075370
6075390
6075410
6075420
6075431
6075432
6075440
6075512
6075591
6075601
6075641
6075662
6075672
6075691
6075700
6075730
6075751
6075752
6075806
6075842
6075891
6075892
6075893
6075894
6075895
6075896
6075897
6075898
6075899
6075922
6076000
6076010
6076021
6076022
6076080
6076087
6076130
6076222
6076239
6076241
6076280
6076290
6076322
6076392
6076430
6076480
6076485
6076502
6076539
6076611
6076612
6076662
6076690
6076700
6076762
6076780
6076890
6076932
6077022
6077062
6077072
6077080
6077102
6077110
6077121
6077130
6077150
6077200
6077282
6077306
6077491
6077499
6077551
6077552
6077700
6077712
6077820
6077821
6077839
6077842
6077870
6077873
6077876
6077877
6077941
6077942
6077990
6078012
6078020
6078042
6078083
6078093
6078102
6078110
6078121
6078142
6078192
6078210
6078360
6078442
6078452
6078460
6078470
6078480
6078485
6078510
6078590
6078591
6078592
6078594
6078598
6078659
6078661
6078780
6078790
6078803
6078804
6078805
6078806
6078831
6078832
6078834
6078850
6078851
6078852
6078853
6078870
6078896
6078920
6078940
6078949
6078960
6078990
6079000
6079010
6079020
6079030
6079040
6079052
6079090
6079091
6079092
6079093
6079100
6079101
6079102
6079202
6079260
6079270
6079279
6079300
6079330
6079350
6079402
6079411
6079461
6079480
6079481
6079482
6079490
6079510
6079550
6079560
6079600
6079621
6079622
6079632
6079717
6079730
6079762
6079780
6079790
6079800
6079901
6080011
6080112
6080190
6080192
6080210
6080230
6080231
6080232
6080233
6080234
6080235
6080236
6080237
6080238
6080239
6080241
6080250
6080270
6080282
6080310
6080311
6080312
6080313
6080314
6080315
6080316
6080317
6080318
6080319
6080320
6080422
6080433
6080434
6080435
6080436
6080437
6080561
6080620
6080623
6080626
6080730
6080740
6080951
6080952
6081060
6081100
6081160
6081180
6081200
6081220
6081230
6081260
6081290
6081331
6081332
6081372
6081392
6081420
6081430
6081440
6081512
6081522
6081532
6081560
6081590
6081621
6081631
6081702
6081710
6081711
6081712
6081713
6081739
6081862
6081910
6087760
6088485
6092820
6101015
6104337
6114073
6151426
6156768
6165610
6166171
6185003
6196677
6216570
6233129
6233590
6233591
6273181
6278220
6278920
6278921
6278922
6278946
6279951
6280261
6280281
6280285
6333832
6345930
6362971
6363620
6363680
6363681
6363684
6367600
6367601
6367602
6367603
6367604
6367605
6367606
6369080
6369370
6370950
6393904
6396640
6410460
6428206
6432766
6611208
6666666
6670475
6790890
6808881
6868680
6876896
6880285
6890010
6900119
6911001
6911005
6911006
6936800
6960880
6960980
